ι 30 commu

88. 1111111111.1181.11111111111111111
11. 1111111111111111111, 148. numum ‘the hiding 11111

11111111]11111,’11111 being 1111111111 genitive 1 11. 1111 m. 8,
18 111χῦ τ’ h 111ρ188111 und 111 noto 011 1, 811.ι
Δ18.111111111111111111111118. mmm: 111111.

88. 111181 vowel 111111111111111111 1115 188111 1111118, 107.

18. 11111111 01111111111111111111)1 11. 11, 81 1, 47. 11111111.
11. 88111 88. Δ 11111111 1111 11111111 1111111111 111. vn, 118 fl.

88. munz 11 1111111 German 11111 11111111, 1111111111 11111.
811111111.(1111ι,15,8111111548,1. 11111111...111111111
11111 111, 18111 7, 84.

88.1ι1111111111.1>11111,·11111111111111111-1111, 1115111.

88. 11111111 1111111 111 11111111 1111111 1111111111 to 11111 1111111
(111111, 11. 11, 80 (11 11); 11, 184 1.1 15, 881.

mmmm& 111181111111111111111111111111111111
vm 111 11111 τῆ οἱ 1111111111(Δ11111.1,11) 11 11111111 auger-ted
11111 11 11111111 1 Thyestem 1111 with diaguoting 1111111111 1 11 Peru.
⁶, 80.ι

88.111111...11111111111111,18818111111’...11111111111111111,88.

88.11111111...11111111 1111111111 111 in 11111111 1111111111 11ρί-
11111, 1111111111111111111. 188 111 14, 818. ’11111111 11111 world
1111 11111 1111111111 with 111111 111 Stoica. 111111111111111111,111
believed 1111 111 things 1111 31111111 by 1111111111 11111 11. 111.
1111188111111111 inclinium amatam m 11111111111111111111111
immutabili 11 sorio 1111111111. 811517.

88. {mmm 111 5 88. 01 111 11111 11111111, 111 5188 111.

11111111 111111111111111111111 111 much 11111111 by 1111111 with ¹

11111111, 111 111131 11 1311, 1111111111111 object 1 11. 1111111111 1111
11 111. m. 1, 4111111111 1111111111,11111’1 111111, iureiurando 11111111
11111111111113, 1141111111. .
81. 111 adversative: 111514. 1111111 11 1111111111 1115188, 8.
811111 1111111111111 11 1111111111 Egypt 111 11 1111111111 1111
11 111111 to 111 anger ot 11111 111 111111 11, 88. 111111 1115180.
1111111 1 111111111111 1111111 in 111 ritu 11 1111
88. 1111111 ‘deny 11111311111111’1 111 noto 111. 18.
81111118111111111’1111111111111ς’11111111118,41111.1111.
88. 1111111111 gout 11 regarded 11 1 1111111111111111 1 111 5 180.
81. 111 111111 ’111 even 1 11111’; 111 5 88. ’111 1111111 1111111,

1111111111111111 interpret ’11111111 1111111 1111111111.1 81181.1.011111,11.
ρ.1881111111,1.1.1.111,1.81

*mmmmm tussmffifflfflg

 

