8 , commu

81818188, 881, 8781 81. 888. 81. 188, 18 818118 Heiorum divitiis, Aps
8111111 881118, 1188888818» 88118118 premnt.

81. trevis: pmbsbiy 1881881118, = 11881181, ’8888888 11888113ι

888 8818 88 4,188 181188118811888181 188 888181 81 1181111181 1, 88
8811818181 postquem 1811118811 18818 88118181. The 18188 18 1818818818
10, 8881 so 18, 818 = 14, 818 888 13, 188 8118881 = 18, 11. 8881118 888
18111118.
- 88. μηῐ11188881188181 similarly 81 persons in 8, 11811118188111188
888111 88801888. 1111118111, 188 1818111811881818181188. For J uvensl’s
881188 81 Egyptians in 1888181888 81 Crispinus in 11811188181,8884,1
888118. 11888111 8 city 88 888 81 1881888188 81 188 1111881888811
in this 18818888 888818181111 in 1888181. 118 88188 1188 proverbial 181
immeruit„ 818, 811 11181 Luc. 1111, 818 11181118 111118 Canopi.

{remuneratricem 88811118 1811811. ’188 laum 1888188
8888111818181188 1818188818 8181881111 11 188 88 88811188818818188
18118881 (9, 881 1818) 3 111188 11818 8188 by 88888818818818 88 1. 88) 888
8188818888118, 818).’ “

88. 1111111811 Apul. 11181. 11, 88 81 111 8111888 rescimus, qrsos identidem

88188888811118181881181111118. 1111181181 818 8888 8118881181188 ἶ

1111111818 18888181888811888 188811 18 8118111818 888 188188818111818·
11818188818881881 8881118181 1818 8111818811 8111811. 1, 11, 8 118
111818 88811888 1188818181 porticu 11811188. 888 1188. 1111881. under·
818888 8881181181 8811181 ss ‘summer 1181 ’1 881 81. Georgo 111181, Daniel

11818888, chep. 88 (1811181 811 8 8881)1 1181 18 18118 'eutheos ‘1 un· ¹

88181888 why 1118 1188888888 summer 11818-1] they 888 18818.’ Ju-
18881 simply ssys 11181 18 summer, when 881818 88881, Crispinus 8118
8181181, which 1888 881111 88 118888 81181.Ι Mart. 11, 37 speaks 81 8
1181 which 11811888 8 118888 888 1188 more suited 18 1118 881118 11188
1818888181. 8818811 11818 88818 7,89=s 1181, 18 8, 888·-8
chain (1), 88818 18, 87 = 8 881111 see 1188, 8.

80. 18118881 81. 3, 8 1. mille pericula 888888 urbis 888 888 111111.

81. urbis: 181 1118 csse, 888 588. terreus: 7. 15⁰ 8 ferrea pectora
18111. 1888811 018. 8881. 111 1118 88 populus 188818181818111111.

¹ (11111. 11111181,18 11118111.

¹ 8818881 may herc 8818 reference 18 88 8188181 8811888118188118 1881 81 188 mosius
1118818118 18 188 81881181 81188 1111118881 88118811 described 111 1881881111 satire 188 cuir
888 11188881 who is 8818 8888181, besides 188 11888188118818118, Fuscus, 8088118811

81. 1, 88 11818818 mitum 888 11811. 181, ⁴⁸· ’181881888118188 81 Borghesi, omme. 1, =

11118118, 888 81 Δ. (181888, (1811. 181. Δ88.1888,118.8181; 181 188 contrary 1181181
Hirschfeld 888 1111881, 888 references 11188 by 111818 18 Pauly-wisc.. 11, 1180.

¹ Τ818181811118181188, 881888188 8111818118 (l. 1.) 888 11811188811181188 by 188 88118 18
ὓ1ωω818,1888.881,81,81181818188881188881188888811118011181ηωαη.

 

