0111110 11 119

1011101000 0110001 qm· 1000010000.. p). 100 0011 uso

01 triumphus 10 due to excessivo 0001000011οο ς 000 0010 00 10, 19.

191. 01001101 because 1110 1110000001 him 00 010011 001110 pompa 011·-
000010,000001000010,3111. 0010901101 000 0010 00 3, 118.

191. 1011101 10. April 101000 0010 00 l. 193. 111010 0011110011 ’
00100 00 3, 9911001110, 148. 110000 01110111 0010111111 01. 1100. ιι, 113
srayor 0011000011 00000110 00100.

199. 01111101 the green 0011010 0000111100110 010011101οο0 0010 00
0143. 11011011001110 001010 01 1110011101 1001100οο 10 1110 10000 were
1011 (11000101 0010 00 7,111),1111110 (alba), 0011 11100 (0011010), 00011 01
which 11011 110 supportem. At this 111110 the green 000100 10 have 11000
1110111101110.ι 00111111 10. 111010011ογ1 10010; 01. Plin. Ep. ιι, 6, 9.

199. 1000010101 Cassiod. Var. 111, 11 1100011 01001000, 0000000011
10001011 0100001111 00110100 01 00100 10010 0111110110 0111101101.

999. 00100101 111001111οὑ, 9001011101 0100110 01 duat 0010 1111100110
1110 wind in 1110 10000 011110 11010000 01 (100000 1 000 0010 00 10, 111.

999. 00010101 *1101’“110001’; 01. 61, 91 (p. 41) 00011010 101. 001·
1001 01. 1110 preparatione 01 Ogulnia 10 6, 119 1. 0110011000 00011001
111010 was 00 003100011οο 011110οο000 10 1110 0110001 0101111, 11101. 11,
981 1. 000 10101100110 01101 0011 1110 001101 100010 100010 000110 0100.

991.111101...0010101Μο11.0, 12, 1 10100 0011111 0010 00011110 001001
Pers. 4, 18 01101100 001010 10110010 0010. Tho 11010000 11011 [1001101111 10
1110011000] 01 110000110111 (0110100110), 00000101101010111000010. 000·
1100101 00010 10900010100011); 01. 14, 891 ruffam 110111.

9911000111 000 00100001, 9100113, 119.

991. 11011101 000 00100 00 8, 1891 13. 919. munit: 000 fi 118, 0.

991. 00010101 00. horam: 1111011110 about 000010 April, growing 10101
00 010001011000011, 01000 the 00101 day 1100 1111111011 1010 1110100 00001
parts. 8000010 0010, 911. ’1101011101010 taken much 0011011100
00001; 10100110101110, 00 0 1010, were not 0000011 till 0110011110 eighth,
10. 00010019010101110 regular 0000. See 0010 00 3, 913. quinquo
11011110 0001111101 ’01001110101 (my length 01 11100’; five 11ογ0 stand
101 any 011011 time, og. Hor. 101. ι, 3, 110011 110101. ι, 7, 1. ·

901. tuli· quoque 1001110 vitm 91. Iliad, 1111, 111 01100100 μὲν 01001 1011
001 10100 1101 1111001οο and 9101111010. 7,11 01000 11χο 0010111 00111
τέρπν’ Me* ’1101111010

¹ 00 111011 quartem 10 110010,οω R 1111110011, 8011100. machmam 0110 m.
0011111000110100110000000101010.

 

