num

1111111111, 11, 87.

00001103 00 1110 1103011, 10, 240.

crambe 10111110, 1, 154.

1110180. s. 8·

Creta 0011010. 1⁴. 2⁷⁰.

0111111110 501, ιο, 55.

Creticus. 8, 38.

0111010111,1183 4, 32.

Crispus. Q. Vibius, 4, 81.

111010,4,70.

01001111, ιο, 2733 14, 528.

1111501, 1, 143.

ommim. 11. 38.

1001115110, 14, 58.

0111, 3, 49.

cum, conditional 1110 01, Ι 1083 10111100
01, 1125, d.

011111 31101013110011111, 4, 8.

cumoev 31 2·

0111001111, 16, 21.

0111011 with 1011011110, 1115, 6.

01111111, 8, 3.

cybele. worship 01, 3, 54, 138.

cymbala, 8, 175.
0310101, Dm 01, 13, 122.

damnatio 1001101101, ιο, 58.
5011111101, 3, 137.
1010183001 01, 11831.

de with abl. = 311111. cen.. 187, 11.
1100111 ο1 Juvenal. 115.

decidere, 11, 33.

Decius 11111, 8, 251.

dmda (01184). 1. ⁵⁰·

0100110011, 3, 178.

deducere, 1, 54.

defendier. ¹⁵· 157.

1111011111, 4, 58.

dai 0001111, 1, 50.

delatores. 1, 33.

1111150011, 7001101011 1110 01, 3, 152.
dalaiae. 4, 4; 10, 281.

Delphi, Nero 11, 8, 225.

Demeter. 113110110101, 15, 140.
Demetrius 0011100101, 3, 88.

Domita, 11, 28.

Demosthenes. ιο, 125 ss.

111111 11110100, 14, 11.

1110011110 501501, 3, 185.

depositum. 13, 16.

M (M). 1, ⁸⁰³-

Desiderativo 11010 101 1101010, w.

111114. 1. 305·

destinare with 1011011110, 1115, 1.

ddum, 1105α1101110 01, 3, 24.

deverticulum, ¹⁵· 72.

dmm 110110, ιο, 5.

Dialem, 5111001111 1111 01, 125.

Diana, 3, 3203 10, 282.

11150101, 1, 74.

51310101, ’110111011,’ s, w.

5101101, 11 0101111110, 11, 581 11181111,
10, 55.

Diatonion& 1⁴12 11,1011.3 1182103.

1110110101,0,4; ι3, 85.

0110ωο11101, Uno 01, 111.

Diogenes, 14, 308 fl.

0101111110, 1, 53.

diruo 1100111501, 1, 161.

5110110111, 8, 120.

diffluum. 3, 823 3, 12.

diameter (111000), 1, 81.

5131111110, Ouo 111111, 183, 11.

diversus, 4, 1483 11111001.,111,1,(3).

0111001100, ι, 82.

Dolabella, 8, 105.

dolor. ιο, 315.

Domitian. 0011οο1 nemun, 4, 123 11111
01, 4, 50.

50110 1111110010, 16, 50.

Double 1000011οο, 3, 88.

Drusus, 3, 238.

dubitare. 13, 200.

51151110, 3, 22.

dum (1111101), 1, 1453 1011111111) um
01, 5, 125.

1111015101οὤ1, ι, 158.

dum. 0101111 1110 01, 1100.

dummodo 11011, 1110.

001011οο, 1151111111 01, 182.

dux 101 immutor, 4, 145.

1111111001 01 Juvenal, 1158.
1001101111 genitivo, 180.
Egnatius 00101, 3, 116.
00110101 (0001001011110), 11, 12.

 

